[
    [
        1.8,
        0.6,
        1.84,
        0.9
    ],
    [
        1.85,
        0.65,
        1.89,
        0.9
    ],
    [
        1.9,
        0.7,
        1.93,
        0.92
    ],
    [
        1.95,
        0.75,
        1.98,
        0.94
    ],
    [
        2.0,
        0.8,
        2.03,
        0.96
    ],
    [
        2.05,
        0.85,
        2.08,
        0.99
    ],
    [
        2.1,
        0.9,
        2.13,
        1.02
    ],
    [
        2.15,
        0.95,
        2.18,
        1.06
    ],
    [
        2.2,
        1.0,
        2.23,
        1.1
    ],
    [
        2.25,
        1.05,
        2.28,
        1.14
    ],
    [
        2.3,
        1.1,
        2.33,
        1.18
    ],
    [
        2.35,
        1.15,
        2.38,
        1.23
    ],
    [
        2.4,
        1.2,
        2.42,
        1.27
    ],
    [
        2.45,
        1.25,
        2.47,
        1.32
    ],
    [
        2.5,
        1.3,
        2.52,
        1.36
    ],
    [
        2.55,
        1.35,
        2.57,
        1.41
    ],
    [
        2.6,
        1.4,
        2.62,
        1.45
    ],
    [
        2.65,
        1.45,
        2.67,
        1.5
    ],
    [
        2.7,
        1.5,
        2.72,
        1.55
    ],
    [
        2.75,
        1.55,
        2.77,
        1.6
    ],
    [
        1.8,
        0.7,
        1.82,
        0.8
    ],
    [
        1.85,
        0.71,
        1.87,
        0.81
    ],
    [
        1.9,
        0.74,
        1.92,
        0.82
    ],
    [
        1.95,
        0.78,
        1.96,
        0.85
    ],
    [
        2.0,
        0.82,
        2.01,
        0.88
    ],
    [
        2.05,
        0.87,
        2.06,
        0.92
    ],
    [
        2.1,
        0.92,
        2.11,
        0.96
    ],
    [
        2.15,
        0.96,
        2.16,
        1.0
    ],
    [
        2.2,
        1.01,
        2.21,
        1.05
    ],
    [
        2.25,
        1.06,
        2.26,
        1.09
    ],
    [
        2.3,
        1.11,
        2.31,
        1.14
    ],
    [
        2.35,
        1.16,
        2.36,
        1.19
    ],
    [
        2.4,
        1.21,
        2.41,
        1.23
    ],
    [
        2.45,
        1.26,
        2.46,
        1.28
    ],
    [
        2.5,
        1.31,
        2.51,
        1.33
    ],
    [
        2.55,
        1.36,
        2.56,
        1.38
    ],
    [
        2.6,
        1.41,
        2.61,
        1.42
    ],
    [
        2.65,
        1.46,
        2.66,
        1.47
    ],
    [
        2.7,
        1.51,
        2.71,
        1.52
    ],
    [
        2.75,
        1.56,
        2.76,
        1.57
    ],
    [
        1.82,
        0.8,
        1.8,
        0.7
    ],
    [
        1.87,
        0.81,
        1.85,
        0.71
    ],
    [
        1.92,
        0.82,
        1.9,
        0.74
    ],
    [
        1.96,
        0.85,
        1.95,
        0.78
    ],
    [
        2.01,
        0.88,
        2.0,
        0.82
    ],
    [
        2.06,
        0.92,
        2.05,
        0.87
    ],
    [
        2.11,
        0.96,
        2.1,
        0.92
    ],
    [
        2.16,
        1.0,
        2.15,
        0.96
    ],
    [
        2.21,
        1.05,
        2.2,
        1.01
    ],
    [
        2.26,
        1.09,
        2.25,
        1.06
    ],
    [
        2.31,
        1.14,
        2.3,
        1.11
    ],
    [
        2.36,
        1.19,
        2.35,
        1.16
    ],
    [
        2.41,
        1.23,
        2.4,
        1.21
    ],
    [
        2.46,
        1.28,
        2.45,
        1.26
    ],
    [
        2.51,
        1.33,
        2.5,
        1.31
    ],
    [
        2.56,
        1.38,
        2.55,
        1.36
    ],
    [
        2.61,
        1.42,
        2.6,
        1.41
    ],
    [
        2.66,
        1.47,
        2.65,
        1.46
    ],
    [
        2.71,
        1.52,
        2.7,
        1.51
    ],
    [
        2.76,
        1.57,
        2.75,
        1.56
    ],
    [
        1.84,
        0.9,
        1.8,
        0.6
    ],
    [
        1.89,
        0.9,
        1.85,
        0.65
    ],
    [
        1.93,
        0.92,
        1.9,
        0.7
    ],
    [
        1.98,
        0.94,
        1.95,
        0.75
    ],
    [
        2.03,
        0.96,
        2.0,
        0.8
    ],
    [
        2.08,
        0.99,
        2.05,
        0.85
    ],
    [
        2.13,
        1.02,
        2.1,
        0.9
    ],
    [
        2.18,
        1.06,
        2.15,
        0.95
    ],
    [
        2.23,
        1.1,
        2.2,
        1.0
    ],
    [
        2.28,
        1.14,
        2.25,
        1.05
    ],
    [
        2.33,
        1.18,
        2.3,
        1.1
    ],
    [
        2.38,
        1.23,
        2.35,
        1.15
    ],
    [
        2.42,
        1.27,
        2.4,
        1.2
    ],
    [
        2.47,
        1.32,
        2.45,
        1.25
    ],
    [
        2.52,
        1.36,
        2.5,
        1.3
    ],
    [
        2.57,
        1.41,
        2.55,
        1.35
    ],
    [
        2.62,
        1.45,
        2.6,
        1.4
    ],
    [
        2.67,
        1.5,
        2.65,
        1.45
    ],
    [
        2.72,
        1.55,
        2.7,
        1.5
    ],
    [
        2.77,
        1.6,
        2.75,
        1.55
    ],
    [
        1.86,
        1.0,
        1.8,
        0.7
    ],
    [
        1.91,
        1.0,
        1.85,
        0.71
    ],
    [
        1.96,
        1.01,
        1.9,
        0.74
    ],
    [
        2.01,
        1.03,
        1.95,
        0.78
    ],
    [
        2.06,
        1.05,
        2.0,
        0.82
    ],
    [
        2.1,
        1.07,
        2.05,
        0.87
    ],
    [
        2.15,
        1.1,
        2.1,
        0.92
    ],
    [
        2.2,
        1.13,
        2.15,
        0.96
    ],
    [
        2.25,
        1.17,
        2.2,
        1.01
    ],
    [
        2.3,
        1.2,
        2.25,
        1.06
    ],
    [
        2.35,
        1.24,
        2.3,
        1.11
    ],
    [
        2.4,
        1.28,
        2.35,
        1.16
    ],
    [
        2.44,
        1.32,
        2.4,
        1.21
    ],
    [
        2.49,
        1.36,
        2.45,
        1.26
    ],
    [
        2.54,
        1.41,
        2.5,
        1.31
    ],
    [
        2.59,
        1.45,
        2.55,
        1.36
    ],
    [
        2.64,
        1.49,
        2.6,
        1.41
    ],
    [
        2.69,
        1.54,
        2.65,
        1.46
    ],
    [
        2.74,
        1.58,
        2.7,
        1.51
    ],
    [
        2.79,
        1.63,
        2.75,
        1.56
    ],
    [
        1.9,
        1.1,
        1.82,
        0.8
    ],
    [
        1.95,
        1.1,
        1.87,
        0.81
    ],
    [
        1.99,
        1.11,
        1.92,
        0.82
    ],
    [
        2.04,
        1.12,
        1.96,
        0.85
    ],
    [
        2.09,
        1.14,
        2.01,
        0.88
    ],
    [
        2.13,
        1.16,
        2.06,
        0.92
    ],
    [
        2.18,
        1.18,
        2.11,
        0.96
    ],
    [
        2.23,
        1.21,
        2.16,
        1.0
    ],
    [
        2.28,
        1.24,
        2.21,
        1.05
    ],
    [
        2.32,
        1.27,
        2.26,
        1.09
    ],
    [
        2.37,
        1.31,
        2.31,
        1.14
    ],
    [
        2.42,
        1.34,
        2.36,
        1.19
    ],
    [
        2.47,
        1.38,
        2.41,
        1.23
    ],
    [
        2.52,
        1.42,
        2.46,
        1.28
    ],
    [
        2.56,
        1.46,
        2.51,
        1.33
    ],
    [
        2.61,
        1.5,
        2.56,
        1.38
    ],
    [
        2.66,
        1.54,
        2.61,
        1.42
    ],
    [
        2.71,
        1.59,
        2.66,
        1.47
    ],
    [
        2.76,
        1.63,
        2.71,
        1.52
    ],
    [
        2.81,
        1.67,
        2.76,
        1.57
    ],
    [
        1.94,
        1.2,
        1.84,
        0.9
    ],
    [
        1.99,
        1.2,
        1.89,
        0.9
    ],
    [
        2.03,
        1.21,
        1.93,
        0.92
    ],
    [
        2.08,
        1.22,
        1.98,
        0.94
    ],
    [
        2.12,
        1.23,
        2.03,
        0.96
    ],
    [
        2.17,
        1.25,
        2.08,
        0.99
    ],
    [
        2.22,
        1.27,
        2.13,
        1.02
    ],
    [
        2.26,
        1.29,
        2.18,
        1.06
    ],
    [
        2.31,
        1.32,
        2.23,
        1.1
    ],
    [
        2.36,
        1.35,
        2.28,
        1.14
    ],
    [
        2.4,
        1.38,
        2.33,
        1.18
    ],
    [
        2.45,
        1.41,
        2.38,
        1.23
    ],
    [
        2.5,
        1.45,
        2.42,
        1.27
    ],
    [
        2.54,
        1.48,
        2.47,
        1.32
    ],
    [
        2.59,
        1.52,
        2.52,
        1.36
    ],
    [
        2.64,
        1.56,
        2.57,
        1.41
    ],
    [
        2.69,
        1.6,
        2.62,
        1.45
    ],
    [
        2.74,
        1.64,
        2.67,
        1.5
    ],
    [
        2.78,
        1.68,
        2.72,
        1.55
    ],
    [
        2.83,
        1.72,
        2.77,
        1.6
    ],
    [
        1.99,
        1.3,
        1.86,
        1.0
    ],
    [
        2.03,
        1.3,
        1.91,
        1.0
    ],
    [
        2.08,
        1.31,
        1.96,
        1.01
    ],
    [
        2.12,
        1.32,
        2.01,
        1.03
    ],
    [
        2.17,
        1.33,
        2.06,
        1.05
    ],
    [
        2.21,
        1.34,
        2.1,
        1.07
    ],
    [
        2.26,
        1.36,
        2.15,
        1.1
    ],
    [
        2.3,
        1.38,
        2.2,
        1.13
    ],
    [
        2.35,
        1.41,
        2.25,
        1.17
    ],
    [
        2.39,
        1.43,
        2.3,
        1.2
    ],
    [
        2.44,
        1.46,
        2.35,
        1.24
    ],
    [
        2.48,
        1.49,
        2.4,
        1.28
    ],
    [
        2.53,
        1.52,
        2.44,
        1.32
    ],
    [
        2.58,
        1.56,
        2.49,
        1.36
    ],
    [
        2.62,
        1.59,
        2.54,
        1.41
    ],
    [
        2.67,
        1.63,
        2.59,
        1.45
    ],
    [
        2.72,
        1.66,
        2.64,
        1.49
    ],
    [
        2.77,
        1.7,
        2.69,
        1.54
    ],
    [
        2.81,
        1.74,
        2.74,
        1.58
    ],
    [
        2.86,
        1.78,
        2.79,
        1.63
    ],
    [
        2.04,
        1.4,
        1.9,
        1.1
    ],
    [
        2.08,
        1.4,
        1.95,
        1.1
    ],
    [
        2.13,
        1.41,
        1.99,
        1.11
    ],
    [
        2.17,
        1.41,
        2.04,
        1.12
    ],
    [
        2.21,
        1.42,
        2.09,
        1.14
    ],
    [
        2.26,
        1.44,
        2.13,
        1.16
    ],
    [
        2.3,
        1.45,
        2.18,
        1.18
    ],
    [
        2.34,
        1.47,
        2.23,
        1.21
    ],
    [
        2.39,
        1.49,
        2.28,
        1.24
    ],
    [
        2.43,
        1.52,
        2.32,
        1.27
    ],
    [
        2.48,
        1.54,
        2.37,
        1.31
    ],
    [
        2.52,
        1.57,
        2.42,
        1.34
    ],
    [
        2.57,
        1.6,
        2.47,
        1.38
    ],
    [
        2.62,
        1.63,
        2.52,
        1.42
    ],
    [
        2.66,
        1.66,
        2.56,
        1.46
    ],
    [
        2.71,
        1.7,
        2.61,
        1.5
    ],
    [
        2.75,
        1.73,
        2.66,
        1.54
    ],
    [
        2.8,
        1.77,
        2.71,
        1.59
    ],
    [
        2.85,
        1.8,
        2.76,
        1.63
    ],
    [
        2.89,
        1.84,
        2.81,
        1.67
    ],
    [
        2.1,
        1.5,
        1.94,
        1.2
    ],
    [
        2.14,
        1.5,
        1.99,
        1.2
    ],
    [
        2.18,
        1.51,
        2.03,
        1.21
    ],
    [
        2.22,
        1.51,
        2.08,
        1.22
    ],
    [
        2.26,
        1.52,
        2.12,
        1.23
    ],
    [
        2.31,
        1.53,
        2.17,
        1.25
    ],
    [
        2.35,
        1.55,
        2.22,
        1.27
    ],
    [
        2.39,
        1.57,
        2.26,
        1.29
    ],
    [
        2.44,
        1.58,
        2.31,
        1.32
    ],
    [
        2.48,
        1.61,
        2.36,
        1.35
    ],
    [
        2.52,
        1.63,
        2.4,
        1.38
    ],
    [
        2.57,
        1.65,
        2.45,
        1.41
    ],
    [
        2.61,
        1.68,
        2.5,
        1.45
    ],
    [
        2.66,
        1.71,
        2.54,
        1.48
    ],
    [
        2.7,
        1.74,
        2.59,
        1.52
    ],
    [
        2.75,
        1.77,
        2.64,
        1.56
    ],
    [
        2.79,
        1.8,
        2.69,
        1.6
    ],
    [
        2.84,
        1.84,
        2.74,
        1.64
    ],
    [
        2.88,
        1.87,
        2.78,
        1.68
    ],
    [
        2.93,
        1.91,
        2.83,
        1.72
    ],
    [
        2.16,
        1.6,
        1.99,
        1.3
    ],
    [
        2.2,
        1.6,
        2.03,
        1.3
    ],
    [
        2.24,
        1.6,
        2.08,
        1.31
    ],
    [
        2.28,
        1.61,
        2.12,
        1.32
    ],
    [
        2.32,
        1.62,
        2.17,
        1.33
    ],
    [
        2.36,
        1.63,
        2.21,
        1.34
    ],
    [
        2.4,
        1.64,
        2.26,
        1.36
    ],
    [
        2.44,
        1.66,
        2.3,
        1.38
    ],
    [
        2.49,
        1.68,
        2.35,
        1.41
    ],
    [
        2.53,
        1.7,
        2.39,
        1.43
    ],
    [
        2.57,
        1.72,
        2.44,
        1.46
    ],
    [
        2.62,
        1.74,
        2.48,
        1.49
    ],
    [
        2.66,
        1.77,
        2.53,
        1.52
    ],
    [
        2.7,
        1.79,
        2.58,
        1.56
    ],
    [
        2.75,
        1.82,
        2.62,
        1.59
    ],
    [
        2.79,
        1.85,
        2.67,
        1.63
    ],
    [
        2.84,
        1.88,
        2.72,
        1.66
    ],
    [
        2.88,
        1.91,
        2.77,
        1.7
    ],
    [
        2.93,
        1.95,
        2.81,
        1.74
    ],
    [
        2.97,
        1.98,
        2.86,
        1.78
    ],
    [
        2.23,
        1.7,
        2.04,
        1.4
    ],
    [
        2.27,
        1.7,
        2.08,
        1.4
    ],
    [
        2.3,
        1.7,
        2.13,
        1.41
    ],
    [
        2.34,
        1.71,
        2.17,
        1.41
    ],
    [
        2.38,
        1.72,
        2.21,
        1.42
    ],
    [
        2.42,
        1.73,
        2.26,
        1.44
    ],
    [
        2.46,
        1.74,
        2.3,
        1.45
    ],
    [
        2.5,
        1.75,
        2.34,
        1.47
    ],
    [
        2.54,
        1.77,
        2.39,
        1.49
    ],
    [
        2.58,
        1.79,
        2.43,
        1.52
    ],
    [
        2.62,
        1.81,
        2.48,
        1.54
    ],
    [
        2.67,
        1.83,
        2.52,
        1.57
    ],
    [
        2.71,
        1.85,
        2.57,
        1.6
    ],
    [
        2.75,
        1.88,
        2.62,
        1.63
    ],
    [
        2.8,
        1.9,
        2.66,
        1.66
    ],
    [
        2.84,
        1.93,
        2.71,
        1.7
    ],
    [
        2.88,
        1.96,
        2.75,
        1.73
    ],
    [
        2.93,
        1.99,
        2.8,
        1.77
    ],
    [
        2.97,
        2.02,
        2.85,
        1.8
    ],
    [
        3.02,
        2.05,
        2.89,
        1.84
    ],
    [
        2.3,
        1.8,
        2.1,
        1.5
    ],
    [
        2.33,
        1.8,
        2.14,
        1.5
    ],
    [
        2.37,
        1.8,
        2.18,
        1.51
    ],
    [
        2.41,
        1.81,
        2.22,
        1.51
    ],
    [
        2.44,
        1.82,
        2.26,
        1.52
    ],
    [
        2.48,
        1.83,
        2.31,
        1.53
    ],
    [
        2.52,
        1.84,
        2.35,
        1.55
    ],
    [
        2.56,
        1.85,
        2.39,
        1.57
    ],
    [
        2.6,
        1.86,
        2.44,
        1.58
    ],
    [
        2.64,
        1.88,
        2.48,
        1.61
    ],
    [
        2.68,
        1.9,
        2.52,
        1.63
    ],
    [
        2.72,
        1.92,
        2.57,
        1.65
    ],
    [
        2.76,
        1.94,
        2.61,
        1.68
    ],
    [
        2.81,
        1.96,
        2.66,
        1.71
    ],
    [
        2.85,
        1.99,
        2.7,
        1.74
    ],
    [
        2.89,
        2.02,
        2.75,
        1.77
    ],
    [
        2.93,
        2.04,
        2.79,
        1.8
    ],
    [
        2.98,
        2.07,
        2.84,
        1.84
    ],
    [
        3.02,
        2.1,
        2.88,
        1.87
    ],
    [
        3.06,
        2.13,
        2.93,
        1.91
    ],
    [
        2.37,
        1.9,
        2.16,
        1.6
    ],
    [
        2.4,
        1.9,
        2.2,
        1.6
    ],
    [
        2.44,
        1.9,
        2.24,
        1.6
    ],
    [
        2.47,
        1.91,
        2.28,
        1.61
    ],
    [
        2.51,
        1.92,
        2.32,
        1.62
    ],
    [
        2.55,
        1.92,
        2.36,
        1.63
    ],
    [
        2.58,
        1.93,
        2.4,
        1.64
    ],
    [
        2.62,
        1.95,
        2.44,
        1.66
    ],
    [
        2.66,
        1.96,
        2.49,
        1.68
    ],
    [
        2.7,
        1.98,
        2.53,
        1.7
    ],
    [
        2.74,
        1.99,
        2.57,
        1.72
    ],
    [
        2.78,
        2.01,
        2.62,
        1.74
    ],
    [
        2.82,
        2.03,
        2.66,
        1.77
    ],
    [
        2.86,
        2.05,
        2.7,
        1.79
    ],
    [
        2.9,
        2.08,
        2.75,
        1.82
    ],
    [
        2.94,
        2.1,
        2.79,
        1.85
    ],
    [
        2.99,
        2.13,
        2.84,
        1.88
    ],
    [
        3.03,
        2.15,
        2.88,
        1.91
    ],
    [
        3.07,
        2.18,
        2.93,
        1.95
    ],
    [
        3.11,
        2.21,
        2.97,
        1.98
    ],
    [
        2.44,
        2.0,
        2.23,
        1.7
    ],
    [
        2.48,
        2.0,
        2.27,
        1.7
    ],
    [
        2.51,
        2.0,
        2.3,
        1.7
    ],
    [
        2.54,
        2.01,
        2.34,
        1.71
    ],
    [
        2.58,
        2.01,
        2.38,
        1.72
    ],
    [
        2.62,
        2.02,
        2.42,
        1.73
    ],
    [
        2.65,
        2.03,
        2.46,
        1.74
    ],
    [
        2.69,
        2.04,
        2.5,
        1.75
    ],
    [
        2.73,
        2.06,
        2.54,
        1.77
    ],
    [
        2.76,
        2.07,
        2.58,
        1.79
    ],
    [
        2.8,
        2.09,
        2.62,
        1.81
    ],
    [
        2.84,
        2.1,
        2.67,
        1.83
    ],
    [
        2.88,
        2.12,
        2.71,
        1.85
    ],
    [
        2.92,
        2.14,
        2.75,
        1.88
    ],
    [
        2.96,
        2.17,
        2.8,
        1.9
    ],
    [
        3.0,
        2.19,
        2.84,
        1.93
    ],
    [
        3.04,
        2.21,
        2.88,
        1.96
    ],
    [
        3.08,
        2.24,
        2.93,
        1.99
    ],
    [
        3.12,
        2.26,
        2.97,
        2.02
    ],
    [
        3.17,
        2.29,
        3.02,
        2.05
    ],
    [
        2.52,
        2.1,
        2.3,
        1.8
    ],
    [
        2.55,
        2.1,
        2.33,
        1.8
    ],
    [
        2.58,
        2.1,
        2.37,
        1.8
    ],
    [
        2.62,
        2.11,
        2.41,
        1.81
    ],
    [
        2.65,
        2.11,
        2.44,
        1.82
    ],
    [
        2.69,
        2.12,
        2.48,
        1.83
    ],
    [
        2.72,
        2.13,
        2.52,
        1.84
    ],
    [
        2.76,
        2.14,
        2.56,
        1.85
    ],
    [
        2.79,
        2.15,
        2.6,
        1.86
    ],
    [
        2.83,
        2.17,
        2.64,
        1.88
    ],
    [
        2.87,
        2.18,
        2.68,
        1.9
    ],
    [
        2.9,
        2.2,
        2.72,
        1.92
    ],
    [
        2.94,
        2.22,
        2.76,
        1.94
    ],
    [
        2.98,
        2.23,
        2.81,
        1.96
    ],
    [
        3.02,
        2.26,
        2.85,
        1.99
    ],
    [
        3.06,
        2.28,
        2.89,
        2.02
    ],
    [
        3.1,
        2.3,
        2.93,
        2.04
    ],
    [
        3.14,
        2.32,
        2.98,
        2.07
    ],
    [
        3.18,
        2.35,
        3.02,
        2.1
    ],
    [
        3.22,
        2.38,
        3.06,
        2.13
    ],
    [
        2.6,
        2.2,
        2.37,
        1.9
    ],
    [
        2.63,
        2.2,
        2.4,
        1.9
    ],
    [
        2.66,
        2.2,
        2.44,
        1.9
    ],
    [
        2.69,
        2.21,
        2.47,
        1.91
    ],
    [
        2.73,
        2.21,
        2.51,
        1.92
    ],
    [
        2.76,
        2.22,
        2.55,
        1.92
    ],
    [
        2.79,
        2.23,
        2.58,
        1.93
    ],
    [
        2.83,
        2.24,
        2.62,
        1.95
    ],
    [
        2.86,
        2.25,
        2.66,
        1.96
    ],
    [
        2.9,
        2.26,
        2.7,
        1.98
    ],
    [
        2.93,
        2.28,
        2.74,
        1.99
    ],
    [
        2.97,
        2.29,
        2.78,
        2.01
    ],
    [
        3.01,
        2.31,
        2.82,
        2.03
    ],
    [
        3.05,
        2.33,
        2.86,
        2.05
    ],
    [
        3.08,
        2.35,
        2.9,
        2.08
    ],
    [
        3.12,
        2.37,
        2.94,
        2.1
    ],
    [
        3.16,
        2.39,
        2.99,
        2.13
    ],
    [
        3.2,
        2.41,
        3.03,
        2.15
    ],
    [
        3.24,
        2.44,
        3.07,
        2.18
    ],
    [
        3.28,
        2.46,
        3.11,
        2.21
    ],
    [
        2.68,
        2.3,
        2.44,
        2.0
    ],
    [
        2.71,
        2.3,
        2.48,
        2.0
    ],
    [
        2.74,
        2.3,
        2.51,
        2.0
    ],
    [
        2.77,
        2.31,
        2.54,
        2.01
    ],
    [
        2.8,
        2.31,
        2.58,
        2.01
    ],
    [
        2.83,
        2.32,
        2.62,
        2.02
    ],
    [
        2.87,
        2.33,
        2.65,
        2.03
    ],
    [
        2.9,
        2.34,
        2.69,
        2.04
    ],
    [
        2.93,
        2.35,
        2.73,
        2.06
    ],
    [
        2.97,
        2.36,
        2.76,
        2.07
    ],
    [
        3.0,
        2.37,
        2.8,
        2.09
    ],
    [
        3.04,
        2.39,
        2.84,
        2.1
    ],
    [
        3.08,
        2.4,
        2.88,
        2.12
    ],
    [
        3.11,
        2.42,
        2.92,
        2.14
    ],
    [
        3.15,
        2.44,
        2.96,
        2.17
    ],
    [
        3.19,
        2.46,
        3.0,
        2.19
    ],
    [
        3.22,
        2.48,
        3.04,
        2.21
    ],
    [
        3.26,
        2.5,
        3.08,
        2.24
    ],
    [
        3.3,
        2.52,
        3.12,
        2.26
    ],
    [
        3.34,
        2.55,
        3.17,
        2.29
    ],
    [
        2.76,
        2.4,
        2.52,
        2.1
    ],
    [
        2.79,
        2.4,
        2.55,
        2.1
    ],
    [
        2.82,
        2.4,
        2.58,
        2.1
    ],
    [
        2.85,
        2.41,
        2.62,
        2.11
    ],
    [
        2.88,
        2.41,
        2.65,
        2.11
    ],
    [
        2.91,
        2.42,
        2.69,
        2.12
    ],
    [
        2.94,
        2.42,
        2.72,
        2.13
    ],
    [
        2.98,
        2.43,
        2.76,
        2.14
    ],
    [
        3.01,
        2.44,
        2.79,
        2.15
    ],
    [
        3.04,
        2.46,
        2.83,
        2.17
    ],
    [
        3.08,
        2.47,
        2.87,
        2.18
    ],
    [
        3.11,
        2.48,
        2.9,
        2.2
    ],
    [
        3.15,
        2.5,
        2.94,
        2.22
    ],
    [
        3.18,
        2.51,
        2.98,
        2.23
    ],
    [
        3.22,
        2.53,
        3.02,
        2.26
    ],
    [
        3.25,
        2.55,
        3.06,
        2.28
    ],
    [
        3.29,
        2.57,
        3.1,
        2.3
    ],
    [
        3.33,
        2.59,
        3.14,
        2.32
    ],
    [
        3.37,
        2.61,
        3.18,
        2.35
    ],
    [
        3.4,
        2.64,
        3.22,
        2.38
    ],
    [
        2.85,
        2.5,
        2.6,
        2.2
    ],
    [
        2.87,
        2.5,
        2.63,
        2.2
    ],
    [
        2.9,
        2.5,
        2.66,
        2.2
    ],
    [
        2.93,
        2.51,
        2.69,
        2.21
    ],
    [
        2.96,
        2.51,
        2.73,
        2.21
    ],
    [
        2.99,
        2.52,
        2.76,
        2.22
    ],
    [
        3.02,
        2.52,
        2.79,
        2.23
    ],
    [
        3.05,
        2.53,
        2.83,
        2.24
    ],
    [
        3.08,
        2.54,
        2.86,
        2.25
    ],
    [
        3.12,
        2.55,
        2.9,
        2.26
    ],
    [
        3.15,
        2.56,
        2.93,
        2.28
    ],
    [
        3.18,
        2.58,
        2.97,
        2.29
    ],
    [
        3.22,
        2.59,
        3.01,
        2.31
    ],
    [
        3.25,
        2.61,
        3.05,
        2.33
    ],
    [
        3.29,
        2.62,
        3.08,
        2.35
    ],
    [
        3.32,
        2.64,
        3.12,
        2.37
    ],
    [
        3.36,
        2.66,
        3.16,
        2.39
    ],
    [
        3.4,
        2.68,
        3.2,
        2.41
    ],
    [
        3.43,
        2.7,
        3.24,
        2.44
    ],
    [
        3.47,
        2.72,
        3.28,
        2.46
    ]
]