[
    [
        0.0,
        1.8,
        0.9,
        1.84
    ],
    [
        0.1,
        1.7,
        0.92,
        1.74
    ],
    [
        0.2,
        1.6,
        0.96,
        1.64
    ],
    [
        0.3,
        1.5,
        1.02,
        1.55
    ],
    [
        0.4,
        1.4,
        1.1,
        1.45
    ],
    [
        0.5,
        1.3,
        1.18,
        1.36
    ],
    [
        0.6,
        1.2,
        1.27,
        1.27
    ],
    [
        0.7,
        1.1,
        1.36,
        1.18
    ],
    [
        0.8,
        1.0,
        1.45,
        1.1
    ],
    [
        0.9,
        0.9,
        1.55,
        1.02
    ],
    [
        1.0,
        0.8,
        1.64,
        0.96
    ],
    [
        1.1,
        0.7,
        1.74,
        0.92
    ],
    [
        1.2,
        0.6,
        1.84,
        0.9
    ],
    [
        1.3,
        0.7,
        1.93,
        0.92
    ],
    [
        1.4,
        0.8,
        2.03,
        0.96
    ],
    [
        0.07,
        1.8,
        0.97,
        1.85
    ],
    [
        0.12,
        1.7,
        0.98,
        1.76
    ],
    [
        0.21,
        1.6,
        1.02,
        1.67
    ],
    [
        0.31,
        1.5,
        1.07,
        1.57
    ],
    [
        0.41,
        1.4,
        1.14,
        1.48
    ],
    [
        0.5,
        1.3,
        1.22,
        1.39
    ],
    [
        0.6,
        1.2,
        1.3,
        1.3
    ],
    [
        0.7,
        1.1,
        1.39,
        1.22
    ],
    [
        0.8,
        1.01,
        1.48,
        1.14
    ],
    [
        0.9,
        0.91,
        1.57,
        1.07
    ],
    [
        1.0,
        0.81,
        1.67,
        1.02
    ],
    [
        1.1,
        0.72,
        1.76,
        0.98
    ],
    [
        1.2,
        0.67,
        1.85,
        0.97
    ],
    [
        1.3,
        0.72,
        1.95,
        0.98
    ],
    [
        1.4,
        0.81,
        2.05,
        1.02
    ],
    [
        0.13,
        1.81,
        1.03,
        1.88
    ],
    [
        0.17,
        1.71,
        1.04,
        1.78
    ],
    [
        0.24,
        1.61,
        1.08,
        1.69
    ],
    [
        0.33,
        1.51,
        1.13,
        1.6
    ],
    [
        0.42,
        1.41,
        1.19,
        1.51
    ],
    [
        0.52,
        1.31,
        1.26,
        1.42
    ],
    [
        0.61,
        1.21,
        1.34,
        1.34
    ],
    [
        0.71,
        1.12,
        1.42,
        1.26
    ],
    [
        0.81,
        1.02,
        1.51,
        1.19
    ],
    [
        0.91,
        0.93,
        1.6,
        1.13
    ],
    [
        1.01,
        0.84,
        1.69,
        1.08
    ],
    [
        1.11,
        0.77,
        1.78,
        1.04
    ],
    [
        1.21,
        0.73,
        1.88,
        1.03
    ],
    [
        1.31,
        0.77,
        1.97,
        1.04
    ],
    [
        1.41,
        0.84,
        2.07,
        1.08
    ],
    [
        0.2,
        1.82,
        1.1,
        1.9
    ],
    [
        0.22,
        1.72,
        1.11,
        1.81
    ],
    [
        0.28,
        1.62,
        1.14,
        1.72
    ],
    [
        0.36,
        1.52,
        1.18,
        1.63
    ],
    [
        0.45,
        1.42,
        1.24,
        1.54
    ],
    [
        0.54,
        1.33,
        1.31,
        1.46
    ],
    [
        0.63,
        1.23,
        1.38,
        1.38
    ],
    [
        0.73,
        1.14,
        1.46,
        1.31
    ],
    [
        0.82,
        1.05,
        1.54,
        1.24
    ],
    [
        0.92,
        0.96,
        1.63,
        1.18
    ],
    [
        1.02,
        0.88,
        1.72,
        1.14
    ],
    [
        1.12,
        0.82,
        1.81,
        1.11
    ],
    [
        1.22,
        0.8,
        1.9,
        1.1
    ],
    [
        1.32,
        0.82,
        1.99,
        1.11
    ],
    [
        1.41,
        0.88,
        2.09,
        1.14
    ],
    [
        0.27,
        1.83,
        1.17,
        1.93
    ],
    [
        0.28,
        1.73,
        1.18,
        1.84
    ],
    [
        0.33,
        1.63,
        1.2,
        1.75
    ],
    [
        0.4,
        1.54,
        1.24,
        1.66
    ],
    [
        0.48,
        1.44,
        1.29,
        1.58
    ],
    [
        0.57,
        1.35,
        1.36,
        1.5
    ],
    [
        0.66,
        1.26,
        1.43,
        1.43
    ],
    [
        0.75,
        1.17,
        1.5,
        1.36
    ],
    [
        0.84,
        1.08,
        1.58,
        1.29
    ],
    [
        0.94,
        1.0,
        1.66,
        1.24
    ],
    [
        1.03,
        0.93,
        1.75,
        1.2
    ],
    [
        1.13,
        0.88,
        1.84,
        1.18
    ],
    [
        1.23,
        0.87,
        1.93,
        1.17
    ],
    [
        1.33,
        0.88,
        2.02,
        1.18
    ],
    [
        1.43,
        0.93,
        2.11,
        1.2
    ],
    [
        0.33,
        1.85,
        1.23,
        1.96
    ],
    [
        0.35,
        1.75,
        1.24,
        1.87
    ],
    [
        0.39,
        1.65,
        1.26,
        1.78
    ],
    [
        0.45,
        1.56,
        1.3,
        1.7
    ],
    [
        0.52,
        1.47,
        1.35,
        1.62
    ],
    [
        0.6,
        1.38,
        1.41,
        1.54
    ],
    [
        0.69,
        1.29,
        1.47,
        1.47
    ],
    [
        0.78,
        1.2,
        1.54,
        1.41
    ],
    [
        0.87,
        1.12,
        1.62,
        1.35
    ],
    [
        0.96,
        1.05,
        1.7,
        1.3
    ],
    [
        1.05,
        0.99,
        1.78,
        1.26
    ],
    [
        1.15,
        0.95,
        1.87,
        1.24
    ],
    [
        1.25,
        0.93,
        1.96,
        1.23
    ],
    [
        1.34,
        0.95,
        2.05,
        1.24
    ],
    [
        1.44,
        0.99,
        2.14,
        1.26
    ],
    [
        0.4,
        1.86,
        1.3,
        1.99
    ],
    [
        0.41,
        1.77,
        1.31,
        1.9
    ],
    [
        0.45,
        1.68,
        1.33,
        1.82
    ],
    [
        0.5,
        1.58,
        1.36,
        1.74
    ],
    [
        0.57,
        1.49,
        1.41,
        1.66
    ],
    [
        0.64,
        1.41,
        1.46,
        1.59
    ],
    [
        0.72,
        1.32,
        1.52,
        1.52
    ],
    [
        0.81,
        1.24,
        1.59,
        1.46
    ],
    [
        0.89,
        1.17,
        1.66,
        1.41
    ],
    [
        0.98,
        1.1,
        1.74,
        1.36
    ],
    [
        1.08,
        1.05,
        1.82,
        1.33
    ],
    [
        1.17,
        1.01,
        1.9,
        1.31
    ],
    [
        1.26,
        1.0,
        1.99,
        1.3
    ],
    [
        1.36,
        1.01,
        2.08,
        1.31
    ],
    [
        1.46,
        1.05,
        2.17,
        1.33
    ],
    [
        0.47,
        1.89,
        1.37,
        2.02
    ],
    [
        0.48,
        1.79,
        1.37,
        1.94
    ],
    [
        0.51,
        1.7,
        1.39,
        1.86
    ],
    [
        0.55,
        1.61,
        1.42,
        1.78
    ],
    [
        0.61,
        1.53,
        1.46,
        1.71
    ],
    [
        0.68,
        1.44,
        1.52,
        1.64
    ],
    [
        0.76,
        1.36,
        1.57,
        1.57
    ],
    [
        0.84,
        1.28,
        1.64,
        1.52
    ],
    [
        0.93,
        1.21,
        1.71,
        1.46
    ],
    [
        1.01,
        1.15,
        1.78,
        1.42
    ],
    [
        1.1,
        1.11,
        1.86,
        1.39
    ],
    [
        1.19,
        1.08,
        1.94,
        1.37
    ],
    [
        1.29,
        1.07,
        2.02,
        1.37
    ],
    [
        1.38,
        1.08,
        2.11,
        1.37
    ],
    [
        1.48,
        1.11,
        2.2,
        1.39
    ],
    [
        0.53,
        1.91,
        1.43,
        2.06
    ],
    [
        0.54,
        1.82,
        1.44,
        1.98
    ],
    [
        0.57,
        1.73,
        1.46,
        1.9
    ],
    [
        0.61,
        1.65,
        1.49,
        1.83
    ],
    [
        0.67,
        1.56,
        1.52,
        1.76
    ],
    [
        0.73,
        1.48,
        1.57,
        1.69
    ],
    [
        0.8,
        1.4,
        1.63,
        1.63
    ],
    [
        0.88,
        1.33,
        1.69,
        1.57
    ],
    [
        0.96,
        1.27,
        1.76,
        1.52
    ],
    [
        1.05,
        1.21,
        1.83,
        1.49
    ],
    [
        1.13,
        1.17,
        1.9,
        1.46
    ],
    [
        1.22,
        1.14,
        1.98,
        1.44
    ],
    [
        1.31,
        1.13,
        2.06,
        1.43
    ],
    [
        1.41,
        1.14,
        2.14,
        1.44
    ],
    [
        1.5,
        1.17,
        2.23,
        1.46
    ],
    [
        0.6,
        1.94,
        1.5,
        2.1
    ],
    [
        0.61,
        1.85,
        1.51,
        2.02
    ],
    [
        0.63,
        1.77,
        1.52,
        1.95
    ],
    [
        0.67,
        1.68,
        1.55,
        1.87
    ],
    [
        0.72,
        1.6,
        1.58,
        1.8
    ],
    [
        0.78,
        1.52,
        1.63,
        1.74
    ],
    [
        0.85,
        1.45,
        1.68,
        1.68
    ],
    [
        0.92,
        1.38,
        1.74,
        1.63
    ],
    [
        1.0,
        1.32,
        1.8,
        1.58
    ],
    [
        1.08,
        1.27,
        1.87,
        1.55
    ],
    [
        1.17,
        1.23,
        1.95,
        1.52
    ],
    [
        1.25,
        1.21,
        2.02,
        1.51
    ],
    [
        1.34,
        1.2,
        2.1,
        1.5
    ],
    [
        1.43,
        1.21,
        2.18,
        1.51
    ],
    [
        1.52,
        1.23,
        2.26,
        1.52
    ],
    [
        0.67,
        1.97,
        1.57,
        2.14
    ],
    [
        0.67,
        1.89,
        1.57,
        2.06
    ],
    [
        0.7,
        1.8,
        1.59,
        1.99
    ],
    [
        0.73,
        1.72,
        1.61,
        1.92
    ],
    [
        0.78,
        1.64,
        1.65,
        1.85
    ],
    [
        0.83,
        1.57,
        1.69,
        1.79
    ],
    [
        0.9,
        1.5,
        1.74,
        1.74
    ],
    [
        0.97,
        1.43,
        1.79,
        1.69
    ],
    [
        1.04,
        1.38,
        1.85,
        1.65
    ],
    [
        1.12,
        1.33,
        1.92,
        1.61
    ],
    [
        1.2,
        1.3,
        1.99,
        1.59
    ],
    [
        1.29,
        1.27,
        2.06,
        1.57
    ],
    [
        1.37,
        1.27,
        2.14,
        1.57
    ],
    [
        1.46,
        1.27,
        2.22,
        1.57
    ],
    [
        1.55,
        1.3,
        2.3,
        1.59
    ],
    [
        0.73,
        2.01,
        1.63,
        2.18
    ],
    [
        0.74,
        1.92,
        1.64,
        2.11
    ],
    [
        0.76,
        1.84,
        1.65,
        2.04
    ],
    [
        0.79,
        1.76,
        1.68,
        1.97
    ],
    [
        0.84,
        1.69,
        1.71,
        1.91
    ],
    [
        0.89,
        1.61,
        1.75,
        1.85
    ],
    [
        0.95,
        1.55,
        1.79,
        1.79
    ],
    [
        1.01,
        1.49,
        1.85,
        1.75
    ],
    [
        1.09,
        1.44,
        1.91,
        1.71
    ],
    [
        1.16,
        1.39,
        1.97,
        1.68
    ],
    [
        1.24,
        1.36,
        2.04,
        1.65
    ],
    [
        1.32,
        1.34,
        2.11,
        1.64
    ],
    [
        1.41,
        1.33,
        2.18,
        1.63
    ],
    [
        1.49,
        1.34,
        2.26,
        1.64
    ],
    [
        1.58,
        1.36,
        2.34,
        1.65
    ],
    [
        0.8,
        2.04,
        1.7,
        2.23
    ],
    [
        0.81,
        1.96,
        1.7,
        2.16
    ],
    [
        0.82,
        1.88,
        1.72,
        2.09
    ],
    [
        0.85,
        1.8,
        1.74,
        2.02
    ],
    [
        0.89,
        1.73,
        1.77,
        1.96
    ],
    [
        0.94,
        1.66,
        1.81,
        1.9
    ],
    [
        1.0,
        1.6,
        1.85,
        1.85
    ],
    [
        1.06,
        1.54,
        1.9,
        1.81
    ],
    [
        1.13,
        1.49,
        1.96,
        1.77
    ],
    [
        1.2,
        1.45,
        2.02,
        1.74
    ],
    [
        1.28,
        1.42,
        2.09,
        1.72
    ],
    [
        1.36,
        1.41,
        2.16,
        1.7
    ],
    [
        1.44,
        1.4,
        2.23,
        1.7
    ],
    [
        1.53,
        1.41,
        2.3,
        1.7
    ],
    [
        1.61,
        1.42,
        2.38,
        1.72
    ],
    [
        0.87,
        2.08,
        1.77,
        2.27
    ],
    [
        0.87,
        2.0,
        1.77,
        2.2
    ],
    [
        0.89,
        1.92,
        1.78,
        2.14
    ],
    [
        0.92,
        1.85,
        1.8,
        2.07
    ],
    [
        0.95,
        1.78,
        1.83,
        2.01
    ],
    [
        1.0,
        1.71,
        1.87,
        1.96
    ],
    [
        1.05,
        1.65,
        1.91,
        1.91
    ],
    [
        1.11,
        1.6,
        1.96,
        1.87
    ],
    [
        1.18,
        1.55,
        2.01,
        1.83
    ],
    [
        1.25,
        1.52,
        2.07,
        1.8
    ],
    [
        1.32,
        1.49,
        2.14,
        1.78
    ],
    [
        1.4,
        1.47,
        2.2,
        1.77
    ],
    [
        1.48,
        1.47,
        2.27,
        1.77
    ],
    [
        1.56,
        1.47,
        2.35,
        1.77
    ],
    [
        1.65,
        1.49,
        2.42,
        1.78
    ],
    [
        0.93,
        2.12,
        1.83,
        2.32
    ],
    [
        0.94,
        2.04,
        1.84,
        2.25
    ],
    [
        0.95,
        1.97,
        1.85,
        2.19
    ],
    [
        0.98,
        1.9,
        1.87,
        2.13
    ],
    [
        1.02,
        1.83,
        1.9,
        2.07
    ],
    [
        1.06,
        1.77,
        1.93,
        2.02
    ],
    [
        1.11,
        1.71,
        1.97,
        1.97
    ],
    [
        1.17,
        1.66,
        2.02,
        1.93
    ],
    [
        1.23,
        1.62,
        2.07,
        1.9
    ],
    [
        1.3,
        1.58,
        2.13,
        1.87
    ],
    [
        1.37,
        1.55,
        2.19,
        1.85
    ],
    [
        1.44,
        1.54,
        2.25,
        1.84
    ],
    [
        1.52,
        1.53,
        2.32,
        1.83
    ],
    [
        1.6,
        1.54,
        2.39,
        1.84
    ],
    [
        1.68,
        1.55,
        2.47,
        1.85
    ]
]